55.0
1246.0
1359.0
515.0
1642.0
1570.0
764.0
368.0
3061.0
237.0
1030.0
315.0
3277.0
454.0
668.0
3415.0
260.0
0.0
257.0
816.0
5148.0
570.0
395.0
3308.0
386.0
508.0
3508.0
1125.0
1115.0
674.0
5019.0
721.0
3354.0
726.0
3266.0
334.0
477.0
624.0
2602.0
818.0
395.0
4136.0
1366.0
4117.0
29.0
3654.0
443.0
246.0
1418.0
1036.0
105.0
1334.0
0.0
1597.0
556.0
170.0
933.0
862.0
1993.0
694.0
651.0
51.0
233.0
257.0
2341.0
1571.0
257.0
3631.0
4166.0
1661.0
1810.0
250.0
237.0
1149.0
3584.0
1327.0
43.0
320.0
181.0
929.0
1444.0
2750.0
985.0
2957.0
4076.0
2761.0
1526.0
766.0
467.0
972.0
3162.0
715.0
452.0
6013.0
660.0
1202.0
1167.0
637.0
832.0
794.0
