276.38917199605004
283.4822564952108
299.37738365600154
272.161884220208
269.4522211201875
270.16246931176073
280.39337334794175
289.80606809208365
263.17499266585486
294.74621788130065
281.8020517261516
235.65427685749611
279.58962647544115
277.23517874767043
288.22551112211517
284.28365331960396
299.2482856108778
278.69712287390803
294.68266883011046
257.3680800517016
286.291553454564
270.64156136212887
282.1693345645072
276.1532427111924
279.32662622205896
279.43602044299587
278.01677322289925
265.56766802058894
288.0165206443814
283.12650800030633
268.64913162225395
290.36039834637484
280.42260353945653
280.1735309375754
287.84156050257366
288.97103498292955
244.9248065291169
265.95350158719293
294.85308965272696
255.35137174024695
287.35851335554526
287.6979270697277
288.6436650671489
274.9630493271338
295.07692357313084
277.8036812864147
282.5096207594121
278.30119311296534
285.14213724517055
274.578530037644
276.0274185391478
283.8595923565561
290.8225422577657
284.8466924836712
281.8768224230079
280.5441565247047
269.6502802241261
268.04082644324274
288.3787461538866
283.3228063668288
282.6494738398287
236.73403941991944
272.3633521257542
265.78367678490207
281.3786694860421
297.60165006548846
237.97194073813552
256.3389589132951
280.48955106844227
284.5756239792356
289.7423202018638
265.19144372529854
286.16536082147394
303.42495897337494
275.2385069738059
262.14366921863507
282.0029269685238
294.69536931744784
272.4068398476623
298.9813948263233
273.2359659506111
291.9598129071543
294.75956149485256
285.292696563135
278.83638572652166
286.105675730235
264.36727606921465
292.4296768403282
251.55849328723983
282.2988992772778
274.4397642063004
282.2186356655021
268.917764260425
296.12743579045184
288.3773771489094
248.10211443173964
293.3608830409484
256.0376394934118
279.72701445310526
260.99780354152756
263.8593357331279
249.39925404533022
294.8323371527471
292.3321820102897
286.25106335025237
282.520484404315
260.00387702162357
287.00430507541006
291.7092647036969
285.6828878654744
289.241968772428
300.00502449341815
301.8218503968145
293.8629161769689
284.7320272645835
268.752902531356
302.4842106179495
288.95496918932133
295.3598076120467
256.82631875835796
279.67089227454665
277.35416978703296
278.4759821197621
277.57660610261536
297.76572072480496
268.07158708098234
285.7526567797248
278.3542265588376
296.603292462617
250.23262789924098
291.34134355150513
272.1373316462124
280.1671876483835
291.24057938045996
289.5840281564015
286.33717403045046
293.0921278477701
284.30057297083545
290.3049386030845
300.3573626943944
282.41904253419966
296.93797936348517
275.9245455270248
296.67821476247417
290.57333586107404
305.12670866290017
277.86042763830824
276.87897212495227
292.9014625693704
277.92186206025997
285.6731071550554
278.0717101688306
290.9807107294376
268.7993462385534
280.1208530642919
295.3287444611348
291.2049106275433
304.5308748341464
276.181487208535
293.5426430435482
289.2657543206607
285.3267647677988
283.29735230656286
286.4050925393667
288.6914360697205
286.3068542556613
282.54059698779037
270.6495264786179
268.84771336076795
291.7795635633868
301.0600249446971
288.3552797409972
291.2128806102509
302.59742403510137
303.3222068045185
290.40651042689086
294.70194327901305
297.0652554025797
284.03241049015907
303.5885980903869
300.32137468676336
290.1943750781795
297.83455997277866
277.53123840107094
303.65517116616536
295.4882683853667
279.84030654212245
296.5538730491057
284.26193504052617
283.7339578121087
278.03204418787703
294.780160379434
292.4700284947052
286.631734652987
283.00663528185487
289.54249283596164
291.7058886043828
296.5311529805887
304.64120717098643
293.3696369033715
294.89351701465563
249.72947629688076
308.74563047008894
295.0501750232864
285.6222337424607
288.15707063824664
278.3898982760922
282.4719231774878
288.35230478595076
286.0217313483113
273.34880185923646
287.7327628287369
269.58537756443957
277.53351856212794
265.60034566169975
285.28357843429603
272.8915036235109
301.6994828100045
296.6288350111179
290.4850135258989
283.31178273888
303.7142708301913
301.6135374735691
286.2783156264471
291.52932647738464
291.2955662220762
287.9701116970198
281.685463223608
293.1529518745013
285.2405481968575
287.4957409517868
292.14853214942207
299.95143656610304
287.4693924950575
297.7846318603988
292.0356761111566
295.74733128273067
262.07322596999063
286.362077462438
307.0422926077741
268.1913517568016
289.20441322247285
298.8536287251472
311.17057917793164
290.670226903333
302.8491499035762
281.94360767456493
292.41719593160235
288.0962968836673
279.3496173852794
305.17323017872565
287.94585499315303
300.91878936123953
294.53633041137215
288.01307671884587
284.8690730419086
291.76615605543225
302.65824407066583
258.1723899263707
273.0138328092436
295.7695645672121
277.4864298376339
301.9387339984383
277.83373675188164
295.9924573876665
253.65162162831055
299.35926537478554
260.9145856725471
304.2869678922757
303.66174534380605
283.1907871487088
309.0774649135606
304.63574968022135
266.4561643423477
303.25820456195294
304.27712563230017
287.63154223318014
276.0455441006944
307.6177351360373
305.79222448310645
293.0948058397937
292.7198755840476
298.87817250221644
295.7936760506786
273.15786661467206
287.6670027688365
284.97279407152723
297.0534200137511
284.4473356639565
304.45675597542976
306.9445181014056
308.5970420399772
289.25461236317807
297.3009057571443
281.3092068799751
295.9729688789235
288.43546342475514
294.0822343906466
308.29143659470964
283.51702569136233
295.45799265993713
298.6117868518566
302.2938671638812
306.04450746472054
304.858977715023
299.34052478761834
291.4293518337965
285.84241227921274
288.0075713175087
304.2075228396107
293.86485613214376
297.2666639218635
267.7042494121653
298.5170257099731
293.8731872626218
308.048317233279
312.9987499182505
300.52830849429705
316.8793593710378
300.82545672881037
305.91010350794966
305.32321135330926
298.688616674698
304.16972855268597
291.8658115165433
296.08872823494664
295.1209810120532
304.03182876896693
294.191957458078
304.43905632887254
304.860224306428
302.92481550274647
313.47469606705965
293.18232340327705
304.1874696403944
267.51161191264555
303.17514104163837
291.736582588548
292.73503605675734
313.84813921706257
287.9443698762915
309.29914803778934
300.4275382435158
310.461887104272
285.6690828737714
302.12276968043716
292.99332723632483
307.7711236305997
297.54399793128493
302.0517190100636
302.6337154443921
311.4066799637714
308.19719101961493
290.9033165427043
297.65700482723224
292.37940052612396
285.8787909155201
290.97031610969253
288.4773270473975
280.53990896885847
313.19291347710384
312.43469808849926
306.95322000622474
299.41646692657883
304.47559140791293
309.6392844596046
294.26802743150387
290.8471695309532
293.8682636426612
296.94275348697937
305.9677862663814
282.5165476226981
314.96308386636616
298.73145605475565
302.2934931050031
291.51399449819814
294.51994884283204
303.27507924290273
304.6319487997198
293.63760012388315
305.2504508886274
283.8301236144753
307.72836550009083
286.5800763291599
302.66733323922756
298.3788568022459
292.62113321911824
297.6978057806571
297.14575709675387
284.02957269762834
283.93663435623586
310.8563684294234
299.59043425976614
312.2476357103491
295.7829117212884
291.0519149705109
320.7037548400688
313.92834227031517
306.54640492553324
303.1353514968204
297.3582284262485
288.2978360030483
280.9140383716944
312.0762670723396
298.0617280234009
309.69691623805244
314.43712800575383
307.86456325173594
302.6847370214431
297.51004610263976
302.1321157415317
282.2378184861194
306.45013368824374
311.28610272443365
295.96361095688513
306.87340165080957
281.9594315126707
312.3141333678686
298.96310654272844
303.80798997589227
297.9328934835393
300.6735525984374
298.7670351190354
308.22501434341365
296.11387915608344
299.46343414041434
309.9131878558947
294.192973606743
304.0823613557241
321.88498908105817
279.2419483219527
287.44300854655967
299.33180753048356
308.87834918325507
301.31232652617325
301.79423408287073
312.80776547106063
288.83192511370703
309.24021383764426
310.4383659940263
294.3363491826035
296.14616070269994
302.62995188607806
302.5675350154471
290.8613913953956
303.14783464799785
306.1701268233952
309.8194846054866
303.9708889996801
303.27172114379147
301.32870070110334
303.0660288833326
314.686116298374
309.35513932760813
291.45136099673323
295.4751187995743
311.1720539946437
311.4759351578465
292.68920167383664
300.73494844937966
296.3302297669715
308.9452069725292
283.1905504770813
301.8931885105692
308.2659482289279
294.5066775419654
290.3345913616199
308.9091816627177
301.0775983339085
313.72223085824214
301.0534699830352
314.8459970918558
311.80665971319775
277.1394139491736
305.74616472155844
291.57909861972524
301.22245423293845
300.3683201827652
296.1340239726313
315.4699235572954
317.98714357729926
290.335547649587
313.8505300243861
291.7629991613081
309.22951059836896
294.28726687054495
292.30497719020156
297.502542775525
308.9587766593796
298.57668458114443
309.56298163431444
298.91901540028374
313.4818610980394
296.04765581280856
303.01373440826535
313.04273328479337
310.85061508155945
303.1050145241848
302.77430250446525
308.5644416267097
305.7618010959662
286.6958508617423
300.25342705196095
297.00554401072833
291.3644262572862
298.0948136573258
302.4282112921866
289.0139691396349
308.0558235743822
297.34887144667834
300.2055193558927
299.08875802781523
276.23477558946746
282.19958778241505
290.3122417985152
312.00483979960165
298.77090936023234
273.2224271853128
296.25802849254734
315.6284524861423
293.6207317973141
295.42058172683295
305.20318408917655
295.76974018195546
302.0087729663354
305.3815354696886
301.02475867795533
310.3000726818366
298.27218522780305
312.8755074104965
314.47685406448795
287.6119905066179
303.49444569609676
279.4693562730515
294.1238821857764
281.96172461695517
310.88734486644984
300.23347588568475
307.30760887656345
290.9333836665519
306.3908867793111
309.96148980207465
295.33237121186266
302.4416438593648
296.76180272227674
295.64891566255153
293.0983167924042
305.9039440970017
273.6800186398422
304.2806287927337
298.38464842942375
302.8189100447061
302.65811044895986
312.50881646737986
301.8222301383544
300.3867813920729
301.69626597963617
300.02323538055225
305.8729705529687
296.5675685617786
304.1230688310167
304.2169884251679
281.9761539465422
289.7919708572389
312.58942741479166
306.05957866297547
308.4585339428868
301.5122744276064
294.781686932237
298.89052233006714
307.92205383270135
305.1113766784686
300.92347247753355
305.40165458698885
296.74915457370173
291.40163388475526
302.1745778323338
302.86925703996553
308.06783777666146
309.19722953117497
296.11160587312776
297.06803493192854
306.5496439762916
299.16419198740107
306.68924124521715
303.0983571303926
309.8111472562067
303.925256430726
276.1725500832976
288.25046472565344
307.4450117153011
279.53710075630374
298.5427591977837
297.17406728939864
303.21679940346604
305.7288165756583
300.59983137127466
291.11837992949336
306.74567496576896
305.422745303517
288.3089368531091
310.86017673513027
315.0604645454369
289.4869065478999
276.71129267138764
306.74209706018775
308.05685597306797
296.4064690746724
297.31456363621896
278.53796305744885
310.8821877442701
305.3500949461703
314.45797001538256
287.6305287378434
296.65056980002674
306.4895556066234
306.4280157592685
284.4178746546008
298.9194700820765
309.5103164599071
288.5978521166726
305.28525905965654
309.8320541920414
318.8290247191652
301.7498529020778
300.34781959248073
290.549399841948
300.0653575815034
305.24916310261676
293.4256064483251
300.5089419342194
315.3440925796863
279.3520136183219
301.7417653926805
293.4906082340144
302.2218655302943
295.79221089953614
301.30673105557815
308.0502199187785
308.30920008573105
286.9886469443381
309.37734430592604
295.20974284159536
305.551071127589
310.38544135063677
310.7654780727169
286.13056820624263
313.81487864918955
294.2310745286509
304.11461600252716
301.3847024190923
296.76065977869126
308.60355997316515
282.0663862932632
300.62295386505497
300.0771887068122
299.16429489332245
284.2153476516104
299.4508077434987
310.2967920334698
301.51214013931155
309.05666722317454
290.7918837434441
306.4873329728895
300.7490409405168
294.7165745542699
311.0122594727679
310.67581202369934
299.9065254581065
302.244936409845
296.1840602105135
288.28741764930965
311.1477615623331
311.95493346897194
301.0861499126511
313.7282608740952
298.47174592722575
305.3370485773657
262.41896433823086
290.6726636280085
285.11746647254927
309.5855948285564
289.58720766917105
316.0957533360183
306.40683777512004
314.0820914262083
306.3320946633626
304.3344268642299
283.397217129737
291.9763211767607
306.15554193725376
304.0360553360445
303.1378148674663
301.8039208689406
302.88503255558294
308.08228835829493
309.3352753976553
291.38745124366454
294.9205648131877
298.62173143080446
301.7601437648445
313.59936888644916
299.18086948679337
295.5444126033471
303.5208032400056
297.3431901524156
298.3294695794274
307.82515783106334
305.08680680333913
302.4236048202039
291.53651822296297
298.54378737264904
307.11010563989214
299.58679592874057
314.65469113848513
309.33478060637395
305.8367264025751
292.7957544691722
309.9523541100069
297.1162415622783
282.13302901977346
285.1442857825599
295.48534215659026
309.16868433465254
302.6897937168254
307.9650136931177
310.7523175836618
293.5615108403499
298.46657901132363
294.75814276402343
306.2695604901836
303.88396256161593
292.240957411227
290.61979474760255
286.83313092813864
302.8158502954297
291.64875513124645
293.03246296142845
303.8283767387178
302.69247809504935
300.0944444130958
300.2851295185674
301.7567343155029
297.1412805779537
312.80269292357906
299.97725521138454
309.0789476750576
296.1638514558086
300.5279007088341
297.4763312344203
301.5597148277853
296.66268729865925
283.09387647309336
296.5123433820689
292.59686104186244
304.13152051457496
289.7968886212095
298.54983473296966
303.2711906720977
300.93095753832426
307.23782439525047
312.3244967018438
285.5468816319981
297.4524760756487
293.6648503739142
286.41340922752477
304.6576123119226
297.5455416776328
305.5559246122058
294.43648705159416
305.45689274790806
304.7882730173574
308.8708128150323
307.86657578896006
295.34493280512385
290.4109094584005
302.42941717400697
311.16155993134646
289.19713037375374
289.6582592211635
282.9798538333579
302.411031443407
294.9265634649216
309.6047890767367
300.8208954887048
301.11989779002715
309.3846933211098
311.2020443215724
310.5777051964164
307.2021678729657
302.06075802848494
315.42629101112306
292.48660976438765
294.25377715741024
290.1827902942373
292.11999815271
304.3756624006352
285.36530242875364
292.2524997126756
283.874646732978
287.47012684545336
306.4276176752518
307.8701152188763
316.43135400700606
311.3900462896456
309.4223135679979
285.54745054317044
298.4926896707449
292.5008700089388
310.1037608430471
294.9620591934952
279.7110229522506
291.18437438410336
301.15798956582887
291.7463299713515
304.8259448147163
291.92589108260745
286.2736401169448
319.35516274333395
306.49942029696143
273.2537037734868
301.37282873193783
306.02224043614723
297.1122772664145
306.9637450693922
315.60448213365225
292.5313001610756
305.8757019204788
297.18024621106457
298.6241108328563
298.8950314431056
309.4492208162445
313.2615432079986
313.07845937530203
304.7142503903336
292.66209896653413
288.2244877100362
279.9141927906937
293.5345483825674
297.3241463372575
294.4247241505627
288.1251636598013
306.83717168286034
299.14302673802706
297.9067359126356
288.9878789514104
283.40769379070565
295.0091873984862
308.4020633610929
296.5581762122887
302.8987499449721
291.7936326057101
291.3736565591364
305.3726085543615
300.1074353306614
305.4368977486455
299.24680910601194
289.34217902140665
307.0365631478417
312.2591720470759
304.13187097984905
315.85488152842044
305.61625859411896
311.475826994277
306.1245656741547
293.44680443334533
308.7929936940024
296.62273992085414
297.8462044840929
295.64559253859943
303.245990816299
275.03624624165417
303.2828445499092
295.25001754093887
298.32149290476775
311.53822019292403
275.2964383282189
285.0440091729486
301.00401322315764
306.36447738094756
298.69941840982654
303.3507129274613
296.0945582013834
309.12449067908227
297.3085226259896
300.9754082263137
307.7309873448505
309.49019048917626
310.41429582345813
309.01995700340814
300.18774163145434
299.115605887406
285.6642805194895
300.07337369558593
292.7137863389547
306.67161644443814
298.7223321744243
288.83147269643297
300.40279677201863
307.139100428791
316.5509673275559
297.0990375421525
301.4297564774212
285.61277449126396
305.0586840915625
313.48317825812904
284.7348793953425
309.2535409764523
293.1953967458949
297.0515197783799
268.95516345204265
311.8349677477996
285.04936492023097
310.7979334321083
302.47557059247947
301.82401046666774
312.1554087793119
301.50412242004694
290.47750652942597
299.69484539231934
309.9481999777944
297.11248980315185
306.893368017127
312.47487119825337
318.74497492672145
285.38913370539734
309.52936983009363
298.4222501997464
297.99641058189763
292.71479877452526
322.07191553087824
304.71147849140016
305.62094375640004
303.51578570270146
305.8762797306525
311.6350605624338
307.2779024368168
292.79874860780325
307.75162466147134
291.6293235140317
295.6537719065772
296.44304316219336
311.74974781368036
296.9490216973409
312.1107496633482
290.4764929277176
285.5971072337707
290.16596873189883
298.4073225949107
298.1052899704071
292.28368129642473
306.9809625412499
285.1072033733309
288.03755087663353
287.9576342088775
311.080561086301
297.71522521597575
292.0275885285206
300.89989211949955
315.3759168223399
300.17896028931773
314.027305488177
293.4349574635287
302.4827706657669
298.4344179173734
290.3229896817455
285.9674042318503
305.8298560682423
301.25682464741266
290.00063285638674
308.8754317798264
299.80640092850547
297.0917391725531
301.85835499810855
297.24557252055286
285.1727700364391
295.11792741351434
287.3431531558448
278.40150305372237
312.7560261679053
302.03498465827505
307.2733640109115
296.60445416829884
299.85742600673194
311.3912212777012
305.3742623741697
301.4315925762026
284.32930500783465
284.25839993670024
311.3619105859189
294.37672386021103
301.50123712485373
304.6094280894486
305.6334778766036
303.4909218293876
313.8791477925326
298.46702765675684
296.6188116209984
304.5659784255592
278.87275481366544
269.2444900069941
284.6936563063961
265.5508766889027
289.6670975501601
288.64930260410995
277.09491033917715
281.77037209988987
282.33009218698567
285.6999693135515
277.9229078858937
286.70940415101757
254.8415508726518
290.9169619936147
258.8909163034657
266.0610185896114
275.7184874441083
270.4904370561269
275.74677368458504
290.29286315965635
263.38257874192055
283.9790169160845
291.0678152174529
284.4284162286298
264.3688336443426
268.1246834922548
275.001901558552
262.42483977317505
291.3774272427933
282.2103017614518
270.1389448598534
277.5838644418646
278.35211680405104
257.65305465481373
287.2284985927904
277.81401248521377
275.7748674632543
279.90080943991757
284.751363930418
273.2903833886059
281.6076406471396
275.17034829770915
267.922902379794
280.6608943813344
248.8862745166802
293.1313643331406
288.00789101335897
287.33719559412094
256.0595458605257
282.0375674616829
282.1292430694925
276.1617745810979
299.3239579785709
276.7280246315969
277.66954073762906
254.77603311575675
277.70956567918205
284.9870828182952
289.08833583650664
262.4790410626875
279.25288775826107
295.85241212354595
285.9985236914547
296.3953234359616
270.44633999572926
271.18688530628924
275.26340412552355
280.6428243245802
267.37913384860013
248.96424563718134
263.54678384217493
278.21998865567696
271.0454817573437
291.49244830070063
271.3184597376061
304.45949290089686
306.8997299648615
285.9745564096177
271.501267642349
264.32040064141586
279.39982665685557
289.5911889203534
264.7547610473941
278.07538239808173
287.3601469771226
274.4092441293063
265.8955255301201
288.24683726832507
291.2330043951817
283.8550974205411
294.70393760781013
295.9969348162582
280.92504113305944
290.26320734754546
260.0016586996602
282.39785663741804
283.5290134230842
272.5867024495275
275.8239226031385
282.4233943760648
248.1837502441739
279.70338100373505
281.3075651169257
291.03307573022136
274.76821349065386
270.22750624199085
295.7626176783995
289.9862548613426
253.34860512250233
286.83960144826597
280.12073906635135
261.4902722268664
265.1274378375234
271.7191548692668
276.14994408605526
260.90135296111777
286.0111351906222
303.8733036731627
271.52434843822203
273.40969140750485
267.9684285365202
284.319283511525
282.7272003865625
281.0033935405909
251.76769147333454
285.72700603653516
257.85085097813294
278.5585577389285
285.1215189039967
289.04093467458034
290.5125275039643
269.0993528750219
296.44368062257814
281.5942524722103
279.65684730443695
260.7009872793821
280.639371950616
299.39348049897046
262.12801108007716
284.92157097322513
290.97302076886893
300.51100044788797
278.92714937254937
293.8871169378296
296.5725931319501
302.02718003918625
288.4231547233696
284.9221049079507
270.2608267242245
278.07754106686366
294.8289141169725
294.5548844190637
291.05754517171414
294.3982546170661
276.52725083246946
297.72054753048207
273.2563396033394
280.7690364057445
279.36905086118594
284.2995662586287
295.1571596443781
288.1314665553041
278.9620552308292
275.9103964713814
267.44529890874236
272.31275022140505
266.15217898287585
289.47600744798206
275.39026265590184
278.6262097198023
261.64510703677985
301.48993718114616
294.6665642724261
299.04030814024185
272.26303787403776
287.00963689286584
287.4796624126828
281.58698140928533
299.8882079566705
275.35167002093664
271.3403358260606
296.63965498789463
291.730358806804
291.5455727540852
281.1216914068762
277.4724583810269
282.98822663166726
278.3325291490885
276.8015317852934
277.67044134555454
290.3363134118211
291.72329353483303
255.764389337634
289.617258605904
247.8242358746613
289.2954664329988
278.23270451926885
286.6145755876983
290.6730642311
291.9367731409225
291.2058166565227
260.0563310277883
274.7786326554102
293.50985515472127
289.0160878240216
291.53615991239684
278.5742540441309
260.19390888196466
281.2965157336768
283.32221721737693
277.245352062473
270.69380794438047
298.5531353470423
295.39791528908853
289.10218459377245
278.24574582540566
295.30437483776655
279.5892509263711
292.52378369916033
293.584930342808
250.15063212548267
287.3162064414112
302.6603404710465
281.1770629243138
297.46605956977805
279.89750290069327
289.19095209904737
287.47670680466064
287.14257936678666
285.18199952885254
288.64593911911527
267.11332897168097
286.60715288837906
289.68842432944575
295.12961439512816
280.70280100076
286.8979522257056
286.7879643547791
286.6268670854025
293.5239932637678
262.9414545807606
274.7677401447814
299.05436966116014
285.05267742117957
275.3831733811726
293.81341399180786
285.18194332820724
287.33144738980985
271.54219774094133
286.1837134546467
258.13680585890774
282.23614289902685
297.7858281562091
290.0485895459336
296.04520986687623
285.0888808004405
289.5927651510769
294.3979715300406
278.8072872702348
277.71804215303575
283.2705059811994
272.2233893988115
293.44804284139207
303.06793083949776
299.0612876675555
285.7113217978417
281.93902800252107
293.0352343898871
285.5112739071836
280.17506127178365
286.51761058287536
249.47857422375063
280.3933316929085
283.90624369894437
289.902663037246
296.4799120896057
289.3501145893475
297.1019427313278
285.8201498522591
282.0941872575719
274.1123739464484
293.116030385033
269.2427965345384
273.27653066273416
291.43917954482464
293.5465691456063
275.5608200388859
299.419670762633
269.81598870494764
279.80002402347736
291.8804915079831
294.0728997437775
292.0689816615503
293.00379724196426
298.57673215666284
286.0334294838187
286.8153237862736
284.00372732108826
289.2617264181218
241.32911869463717
288.8142017784158
280.563207517892
278.5175834957171
274.92565635477115
292.1470189483439
283.3731285222801
289.3462826534863
267.1202526226166
264.3161272266288
299.691453639394
291.6774808250104
268.909174783092
279.98230835294754
278.30652253710946
279.65821378366854
264.9143495274143
286.7698798322682
285.64525304216244
283.8202105219413
273.02668516412575
289.86098067095986
277.8825928298362
288.3365682820073
289.25940347023925
295.6217753150409
291.19320276010376
279.3615299737352
271.6437343436765
271.5317987309466
240.17419592815313
273.82309206104077
294.025112440149
284.4558374059081
281.7096584607313
279.2881573259369
281.86346788963056
279.3286493812934
264.7753171061757
265.163834040879
286.012457426346
283.43572429016046
299.7570141800959
231.7930719485061
290.0144330407327
282.2316108052822
297.3691596869815
300.7862267992951
297.98258129381014
275.8864749798265
276.47713662632583
284.0830111137469
273.8278031050932
256.7272730930971
298.8295287351414
259.10805914891233
284.89374024410864
311.4306558654904
279.9774994925341
271.98661400199524
285.0792361206843
280.74133302822713
287.6803717834531
298.2661509775363
283.2956188634675
277.7570729580669
292.5452905045817
281.13826217823015
261.16619603860505
289.38042420517235
306.4678415289183
274.05591281332613
299.7502568593327
262.6023185743543
253.6730352238525
297.6163135323151
286.42744260836315
281.0407107220814
285.77511913312657
285.75059851064674
297.28608274275985
287.1882766357744
286.26768710767146
276.1626331089355
284.261274572105
270.3490282667376
271.7032140948391
271.7672106567544
273.8110803272826
266.7008116511417
267.12645698100346
277.403510738625
272.8079525749644
277.885666267987
255.85587067922356
292.27035659163045
284.1377381692235
294.0271362186903
271.83374326352657
276.4514202963674
287.5977356934075
297.6336750283307
299.45637438397034
297.10455900105694
275.9478525210559
282.7806719000776
286.94038804676
279.164898202208
271.6760679342882
288.23983822487156
298.5371579481962
285.0493119748003
289.22688801376495
292.4622133782186
287.26278087790536
264.75251575728424
282.29772341096
301.42314365791776
287.26589920529204
298.575227503406
275.5583446892555
280.6980745396711
270.5875524762554
283.571099916962
283.6922069359398
288.99037264875346
282.20784686516197
290.4412314539227
284.4334955633911
252.3792900154031
304.26090963299004
284.38368070311003
277.36157663308575
291.5491750345756
284.65444951821496
288.34857724717784
287.0131012985855
286.2472542223546
305.89094770836306
286.9963771656708
282.1830704389824
285.12062542650995
294.21811919036674
293.37167399136723
282.6272768569748
283.60255445094174
295.85493961877364
286.2891855156804
284.35147574065365
251.78093595118577
284.50956813198013
287.4840354888009
291.1012080482676
294.6116537799644
285.2295420720515
288.78353404702585
282.8377303659729
256.5600902263163
280.363651014664
288.51354882591943
294.6040708462302
289.05525880488494
265.26441738335444
283.0939322414642
284.0105193245232
279.25035607925787
302.03420268964135
269.75819745390794
269.07750061496694
289.23929025238874
277.25225781511006
284.93898611444536
291.00577422120557
300.2613476629957
290.754421165281
289.7229492591642
287.2717310212566
305.2190013378729
292.8948663203508
268.6999779953932
293.33490511189694
298.66820701762134
297.7503028132127
299.9186365903745
265.29890989735543
293.363362302649
274.60930034524273
279.3127798462596
284.900820768227
288.30923363943464
301.7837065256916
280.786819459086
281.25216975977816
283.06178854407545
280.74283781258055
252.67278657091364
287.14393685270636
270.5195651192299
252.47588980713442
290.8259062914113
278.4520196498844
290.2238284781082
283.248624565131
287.0402788980207
289.0948677799652
237.60514667157926
269.9827829881338
295.86322740785187
282.2225311542464
289.8980571866111
294.3234509465768
263.00791900967226
296.8216824669055
281.2082948484102
284.2419778466719
302.6423484573144
292.7556509864649
274.4198549397527
305.5424370256628
276.16832522701105
287.1740983659577
300.3423000475773
296.37015265654253
288.01706456980895
287.60846493452067
283.7179418717304
273.97911315469514
276.18781301164717
288.1675663031596
291.70558522996265
283.4469275583427
289.223297072594
266.9964105087569
294.89573847100485
288.99765004334495
284.4849873737108
300.86731936571425
279.15496403240587
286.41050253421736
279.155827534442
297.94603851648054
295.0225018292488
288.7210017312897
277.03795851746133
282.8782035344444
306.59371760880543
301.2663921627525
275.35478386582264
285.630686016806
283.115558015348
271.31023027651713
269.62600883480974
303.9357234943044
283.17849999379223
284.96698816066487
297.0334269093013
257.5510574898088
301.16310697034635
298.4149122818463
306.9439296266929
290.5140652768519
284.86318903400223
260.2510256349994
292.6370112398964
292.0467782848828
291.9617109533678
288.23208692019216
281.74734202072216
288.82950173414025
288.72084547642964
274.73384187742664
291.17180626057007
302.95762789145874
282.12176799549184
297.33411622687544
292.10881829466643
293.3720250635627
265.950275858773
284.07083297020904
290.8180587091919
298.2822625410256
301.40353418761185
289.65580481934546
284.35020985126096
283.77292040077646
285.75923031113444
291.57130772651203
313.2483034992558
298.78532816001785
286.0232151798843
276.9545544499083
290.635892892716
293.99930598833134
286.4618707954919
285.52000831795704
301.59290116200617
303.12808627021826
262.5188031968937
293.13071870689197
283.9291589450945
293.9603046365919
298.792642714247
276.4941632404113
293.1492646389007
301.9104240584244
304.6684899049191
281.87421051825805
303.6660678437055
293.04720069714153
291.9511094676045
296.66099517185
290.0197840530688
282.2992699424339
289.723861412536
288.7339083470316
269.16385606630934
276.1216199507732
293.533070835858
278.67414211914314
283.84977055460365
305.33921085166395
275.4500074303022
270.75497385002404
304.23220859338176
300.20835145059397
295.48116737287774
276.4728512300039
273.045605041506
273.936337011551
285.16889825516114
284.2433756022083
300.98951866325086
292.97449503539883
300.6865160935137
297.8156074293833
304.3298396550907
283.0934310470806
299.5918907319042
287.95129059639083
299.582896372994
295.75160716978684
293.5834842915579
303.46422646460917
267.5200400243706
280.8981567117624
297.0417618543179
282.1149824937979
303.1622033813137
291.6532604988663
279.6601442927338
304.7535886889992
290.25241970870786
275.6749521923672
297.8051231401582
292.58561559634165
302.69597424965957
280.15308446323394
292.4716628315287
289.9291448418984
297.8366576088906
289.0532061170299
270.42238893899804
304.96258503917454
276.42536703440874
296.6031793610557
285.73661040325266
280.3082864851781
278.7903551843645
287.8083856905458
301.7967341825708
293.1394529945253
292.0667069447279
275.79082576838357
305.44699140627125
290.2567484583259
271.2661526305211
287.80625659949305
304.02060571776894
296.0418868635276
303.0985942455786
304.2334665021688
296.73486678166125
276.4652200160643
293.9584913155814
290.2455076833587
301.50767960821213
287.13584183611897
290.1953577412733
287.0908834559379
284.26817399973896
289.59372136219315
297.926258629762
299.0874548529595
297.4087613736303
296.6572435000554
290.03860708675296
290.52029389053496
276.8541704525079
300.23161287526125
279.99389171546954
293.532411480604
288.7337763464709
278.22655920267414
281.2465439860514
296.75543670693304
302.9455335424038
296.7236653173601
294.05030836610274
269.7050780785936
285.2945479669648
290.6777804687883
285.4873714705562
302.6667902536409
284.63610466470294
278.4352537165385
280.8340368892969
273.7473277337656
302.1432338690144
296.4418980683647
280.1083909984918
297.37924124015757
288.9050342085603
301.13328578757734
295.90312858320544
299.3061965566256
288.88808296657464
281.1693461371153
291.4706746665113
288.53188584863386
290.54433897619293
294.74554876362487
291.2915376552303
286.775581693101
249.54678064156025
284.8113805732329
296.00716570251944
288.76728364348816
278.9771556859666
298.6430046221444
292.7420216067308
294.2047034016163
295.70230230168374
283.4230306823729
287.9189083002402
291.733917329129
288.4713507503981
299.4876041850427
283.42407092344405
290.11180458399195
298.27189511962297
270.4408699684148
279.70658113323833
303.2049427013343
281.0925861460696
313.3308531710994
294.97605133664644
278.01790366734997
292.6634890291667
295.7802438170373
296.0372894094132
296.7126408736898
303.5316843897027
302.0768607661344
310.62136609340456
284.804331554038
303.8616215661342
286.9879083176161
290.69252037666325
292.6960768106873
295.3281672464724
289.59591499061776
291.9190699496245
288.71073020605394
282.9621594346023
312.1080335519269
292.68167254909787
299.6066995916983
284.75883306105175
289.22652595176993
283.84659341637723
285.56307500824147
300.82245899116873
297.56134490255334
297.0061865187917
285.52545896888427
284.1558266298791
269.28606766900975
286.6831120748747
289.1964185688571
310.8859279115539
307.8963334875132
286.44380990206866
293.62902037817236
288.6806345954802
281.720716892556
274.85128898282136
281.6024696588795
291.1179357380475
300.5343451427236
277.0983169162848
298.8263842169421
269.49100246876594
302.9867142991449
296.98709053387057
291.2133257323667
305.3610869522158
280.81869862801574
308.7544264427435
291.5587229006293
289.4287272458259
285.6737254237075
292.2136658561425
291.6258972317703
300.38823105728983
303.13929561734227
306.5379221593558
281.4487538804996
268.009168713816
294.981952317234
292.3068505161137
287.21619086161365
288.36048374168826
305.0651072099515
274.08792521607484
302.62784952291713
291.4463910820296
281.5087038859707
276.9126558147512
303.0717383870333
304.4803062009962
290.6319724821367
297.78437154130114
300.55451884401685
301.4313310119691
292.296345698323
296.64703700573324
299.5114919823269
284.9960704829733
296.66125193731784
285.8016636467975
289.7448082962109
307.22535658518285
294.99475455377853
298.14992772050044
294.88187775465263
250.83613727898395
300.3950031341522
293.4645500305198
289.9546254692933
277.0423112586997
304.0966969804367
290.2944361958498
284.84291161476045
302.7774732782613
284.38395969025186
275.6164402629723
298.173547088019
296.9425407292709
255.82687831048906
295.0478210935619
297.69945335478883
299.5871534755094
303.84371093211496
279.3976300204928
291.33229911536637
295.4852744101587
296.8116968281536
287.82502444791476
290.9253037887077
227.3574005591513
297.36714006378884
289.1120869367912
309.3164761261827
292.3075520325367
280.565697960025
302.7723981756395
301.52179553848606
292.15008570679095
282.1880390440949
296.5686882736428
277.15245640313503
278.58123937049845
287.46049153505584
297.4182277168784
286.48839975277144
292.0894602459149
300.1485666957303
295.6671618744655
265.8003919719444
298.47720871497586
293.5223811049473
287.55907685142466
304.235880182003
293.4238033031223
304.0615696426471
272.3714460594322
276.2622591738791
301.44387672501927
298.3309441412265
294.99454825372203
306.3912685956473
267.8945546092236
288.2003988750727
300.27271741240054
288.44856992987593
289.43487515306686
289.2563911373093
278.49659614437036
284.60550369009496
293.6531488591171
291.38295964010564
287.1481266885031
267.3441471450434
293.63034245177636
297.27215839819956
294.13124854436035
287.7272045298903
281.42625666531075
278.5331758256556
288.39157919088024
296.877764009235
287.44805509702
297.5315650467981
299.1969028933715
265.95852093182015
282.9772571331416
279.45377981055753
291.0112136591438
287.1975177222679
266.47343424609454
304.95985285561954
294.89204816958943
281.4767603824392
307.987968698056
295.6191231339198
272.7598558553094
297.179499191461
304.6616070019224
299.5278976696971
303.0518683876387
292.07668895817335
297.1494402296279
278.9679260934131
297.88986935412026
304.8833052162529
272.4132864819645
288.23622054629277
297.7880303327747
295.570987420874
293.3336883657871
287.6654225816481
300.8326062052476
295.02449040521043
299.88206998819544
305.58084713028694
315.4275631429592
283.8168146529551
302.06993114004877
280.934088147936
308.46183958326134
283.2474031157219
302.7792906700026
297.6298988003436
296.33505490267083
308.3715227876595
292.29238750755945
302.29153809691144
288.60137019959825
298.6287066829563
294.69719610036924
302.33274744417923
299.3618180953253
288.66217418481517
288.68997087329603
303.4943243672255
295.03399897433155
301.38919459714015
307.7299307131922
309.63755423802525
298.6904017965127
302.86759178736656
286.27576461996813
306.53123182448496
291.63807657549035
299.06972572245667
294.1498957493941
308.25794172752865
310.95680228125565
302.1169721121416
290.07041523884885
295.950183880346
279.53185306591087
306.35509067471287
288.34136126764633
292.2367414912126
295.2014365042346
289.1680019387173
300.91037804947024
302.2283745486073
260.6946828714766
299.5600175003829
302.8518987281759
279.6486209576814
282.9204910901186
260.3838893225758
292.00404769284603
279.21387264855724
263.9090488218393
284.82727118593004
284.7636920048576
293.80769607929614
298.35495190061175
286.6438992950682
296.5631199010372
269.09349333375985
268.00051285532925
283.9856780499571
285.29074230742276
294.1957380972102
281.87070117926
261.26565170704913
285.00637724990844
290.06198232930967
282.9316582763441
285.52812762369695
257.653467813815
269.4472810899985
271.0844741248479
276.8626451215579
273.25616215265967
278.5646961486385
289.21848495790084
290.38571640763627
272.05484407655024
263.91228439807867
261.395030650777
283.8000551202865
277.26651276957006
273.2915624343612
287.7226570736208
283.99601280315875
287.98459640310574
287.0136922609566
272.9104659629005
283.6984976395347
271.08825851320375
276.43456586753865
273.8780885508748
290.7875363773369
279.07078280093975
275.39997697788954
295.9131361939074
292.85557980520923
293.7122852567019
281.92559369039594
285.4645405975313
285.5142152299952
286.9251032375224
267.4200876170995
279.26577497065495
286.73179173608594
269.68094328746315
290.01436482627525
286.1212912303965
294.2121035600991
269.10234786980413
277.358059123514
277.1211011292911
284.43871009499344
269.8358109933177
287.63076013152426
285.4052341972968
286.48867837097646
284.14660975736234
297.6354850559525
282.08080179251016
281.6177555242392
290.69758008541413
272.19211019380094
276.87039470993676
255.2211955427125
292.13019464902743
294.25750298449725
286.6669554326181
292.31865235836443
271.283400957513
283.6451441665504
276.26636469680926
282.86052674601524
270.19372175770263
289.05131024327216
292.8965539774808
268.74613665353195
282.05135101099614
283.1739498078465
273.87396241798484
279.78499285213405
260.7580135174281
274.8346454510388
268.5957447640956
281.04022410578017
288.6099830074438
274.5557199934642
252.65602116500875
274.5703725388465
274.8504230673855
285.8063779351044
277.31213120909445
270.39459069160847
281.2422715077734
261.2561054145215
268.63616012655876
290.1181781623954
273.29576351192947
282.33903208870134
293.77529786088644
274.19544004849655
298.40277533865367
275.64426916702473
293.02185909105515
282.1323544612595
300.94745967527143
281.4203160095765
282.2373833398426
277.67725465774976
300.54118294912723
282.83956121957715
285.11088066675075
274.8469626753903
300.43195419725834
241.06456806350812
278.9684939953443
279.9712301892576
278.50062037410817
270.7561313515996
279.9458694268921
296.25380622550716
288.2566409525836
287.5870258367874
306.81560074444434
274.72683663440944
269.596930270209
299.6608959449256
273.4164561472207
284.82848118003386
272.35359901682654
290.52769816032975
284.79725196272227
263.06040109618374
287.34482398056116
270.17792381715793
277.1278772930768
265.853823651114
297.70798065328887
269.0904846933142
293.3575394248435
293.5752686677902
281.65842375390196
292.2792053916747
299.403931389041
270.10541430746196
274.6251702169175
296.8025824257007
276.48607299216684
276.3057929770318
296.10840175719323
281.42490687183107
307.14626632873217
291.3692703291869
287.42421601657105
275.4505625919607
268.58531410762987
301.0179459907718
283.58331063696085
272.41207892257773
285.9483033454477
290.8729581012209
285.3833275251137
295.3763280661308
271.654181010067
231.4939929355691
292.25513655875636
279.38694838828496
284.46668875020424
294.8388483882579
272.87035279106044
278.6489951716321
291.8252927873543
287.2779419757094
286.9014020237087
287.8560894277193
289.458875430837
278.6577286181985
283.7662762953906
282.53996604972156
285.598967793534
282.6516457240855
284.1587842311805
298.5112068355066
300.00030192586087
302.7313017610772
287.1692951392803
259.0417027064783
266.1625433415879
289.9252375921704
283.9224567307853
221.9104820328052
285.4699670111292
292.3229242889348
264.4280147396702
287.6147775649595
286.2107565391248
284.49355410592625
277.2531314294837
286.5408355768811
290.5466492417318
275.8864914464501
274.9068492844184
283.54004690123014
279.2990418425138
288.56019738249194
306.13202143180723
271.5358619390901
293.42558195511
281.8453826048823
283.26211659608686
283.8059958118056
285.4341665344115
291.50684378523187
284.18347702821484
297.24811290939306
254.08868143191697
272.0953100342797
247.55891897763254
273.2273116669743
287.254372025414
262.87828038139753
287.0896279873511
286.5418580345356
295.2252624809535
275.8596750539664
269.9118672852557
263.60350738905265
290.53398008351377
285.278096495474
258.1932619940418
300.7312488607026
287.74020948129373
293.72422560951605
281.6906822210616
291.81354072923534
267.29915044665375
284.1545080980014
285.53144558393797
251.59869168997278
290.6528683068595
277.5786907819604
296.6309174391907
290.98952354748036
278.3153522175763
293.5170971662913
279.1480067920386
297.0774584403313
284.44505200004517
269.2750735788587
286.6158982988327
294.38140189683116
301.3943234590749
280.19563012959594
279.56767916933666
283.0572663444449
292.39050616508024
275.144233605545
275.96738961418754
291.32308613702895
256.1144496119569
292.21405150086935
296.99616641950485
272.7584742052917
280.49025324061296
292.2233054716216
290.76728473697864
286.8295339048524
299.3160676569366
284.6893626926462
282.11459713480076
300.8453704855074
280.86236786212805
292.9200807592317
280.5426875843527
294.6952514786709
288.34850670587224
289.21545729349987
294.69743824395823
292.63715097679255
295.16326358710234
297.3013950673392
258.99910601974136
296.57909250343573
260.19643877208307
270.2790349075446
287.57778508152336
296.8285306540812
259.13129055681526
280.2670306734126
276.8664963396639
258.71964253454547
290.24335791412807
281.47764732659675
298.9054547538701
303.73581692436267
261.519004793191
302.9727313927945
282.5538319877029
266.63210040456454
303.1673941931392
296.62250412117066
302.10192593917736
287.09896969408845
284.9363869482229
294.64169409178965
306.03638247282976
263.4613606614223
280.7831757869401
284.1936670751284
293.31446626244025
260.1296032228082
280.47562485244225
285.3812756441599
287.01571430353897
268.9632984357553
290.97460043325384
298.95269068535833
274.8258851296759
296.05887424895775
294.88314955993064
298.4691712070287
273.274124459521
296.48336399988784
302.4743188282926
287.39408428989583
297.0567254241476
275.98768036872997
301.68387811058113
296.1932599924508
289.77242579493344
288.64907932987177
269.711890757507
292.64636718311016
300.19615962404026
278.72851184323537
301.0557381670905
273.3039538476376
302.3032664464662
300.87962892581453
259.1718260459086
280.99473357842334
285.77174491512244
293.81263156322274
285.70812874244075
283.95686914104647
285.5790878450729
275.33476303346
285.9355521532953
279.6057670298193
293.96744439188024
297.56388013332844
283.37393780118515
287.7654060182398
300.89324895592523
292.877419674879
293.9661799429336
290.20532776170637
296.9392728705421
301.5112755349751
285.5249933134507
295.17882296241083
284.0522105005282
252.28397100518856
285.94588208999886
277.9420820818008
288.125614419074
291.36367601804363
288.1579655827375
299.8257277100364
278.3267551387729
281.3438417658732
306.08926552763256
282.68407403384515
289.42675002471873
301.6249928356858
289.39935492213334
277.8207846951609
299.9042787009026
289.2435594473709
280.1747221534939
294.06981443497426
295.75264116781875
286.74717028858413
267.6559394449541
286.2081734629051
281.3709913709322
276.04966487360986
272.0779772964845
271.2691634184905
297.86038765566593
277.27083225387304
280.42219511076405
282.8436626014296
296.72147746900566
276.79847112490637
293.9201910694291
288.8368526404547
276.5004103696246
284.3853417388025
297.14834004795284
294.98347704693816
294.5030027552289
280.5712700899785
278.0792198357283
288.4198977084661
286.9408096453999
272.41062262575065
284.20891882450485
288.9165691056775
289.2741957462693
287.9554456755436
282.4007688900721
294.63292900964507
291.09942441308766
285.5117878187488
294.5604559204703
284.2816678621815
281.90733314299047
291.3691955560613
280.3296021347504
273.82014380628505
287.2834724401192
301.5325590581971
278.018774316098
302.895118921444
282.51258012002836
285.2202511797095
279.203828190018
292.70571987713123
261.2262600057657
275.41094136941257
272.03766979771655
271.7701057698818
280.1959149131153
276.34297541164676
289.2827856185204
300.376490942961
295.7808070626639
283.40843667237374
292.0625093298632
288.49199695083456
282.16292883426104
290.7126865746622
287.10659029917167
253.46784150953343
265.938513545514
289.821924305618
261.9775038792651
296.5942454411311
288.10836057405703
284.24419767546055
270.7939094656218
266.26967503386874
301.30962086605547
299.8289060607844
300.52324463296407
285.60401852213664
282.3079603164299
296.30280755112074
300.69992997578555
306.4640860897496
299.9032565453497
297.47725514572096
291.56932195608897
283.39059249360895
282.4802958616527
292.3743698690713
282.00285263214965
291.16818471550323
283.4241258997461
288.571319493571
277.8748339072199
273.16984077256933
274.0517813320184
291.1759408984376
299.6949637897624
298.2451511569134
261.14455301977137
295.81526479668923
310.58802063731355
282.7036665285154
304.54869299491696
302.30911027682583
303.15655132584413
277.96984284570266
283.0671013130112
284.73538583402933
299.1405065126567
284.3202487236591
280.1448647729939
290.0819324246833
289.25381553012335
295.48936292805644
271.39286792748294
273.9504700332718
273.92589730537196
286.3907412592627
290.3482644314163
277.2718160695188
291.12218979248314
296.90233231636955
280.68916888252284
277.71674694528735
292.60601672315084
299.5277158684064
294.9376115643894
284.95920060084916
300.22413839835474
279.2743320602915
269.3826885542371
264.9280315291218
263.4208882604536
279.0389526485676
289.76841298066415
292.67098769803533
285.0814354692088
270.5959086570399
294.259550710873
286.88528821107906
301.2518782619847
292.4809509407854
289.85633584737985
295.2333694811059
289.5771264506481
306.7646285083275
284.5792687855555
290.9135973531566
275.6001769005224
255.3868500608197
288.5454897215865
282.39828821606886
273.1920373928149
262.3954056031383
270.19934393283273
274.86310305918823
271.7936501919034
290.97121230128937
308.2083833779868
282.5217422695676
288.8826946270163
282.48045805733176
286.4815640060736
282.5689990358609
304.1321256587289
285.2938338112267
296.9192859989718
270.95760933569744
303.7880170044443
291.5610905263424
288.9482680806129
294.48824728217
280.60427160308194
293.84022392963794
281.12499825391365
281.7307645098681
293.6498156561462
295.6298128584195
300.9289905578192
303.19190711564187
290.51734697863174
301.1454522776422
271.347232485484
275.6044219971527
305.99702802494653
274.1342947179622
286.7687944017042
296.85540413299776
292.3481764168583
300.09432231244233
292.01587003273625
292.34697808794334
310.9791983837861
290.92363972756004
289.58225334320224
299.88034714848754
258.7406104110704
301.73254497621116
277.5935347446936
294.01126865303195
305.2144146235733
296.68681489459857
291.2420716320117
303.5219334971985
279.53537892557
288.21926915560203
279.09509701027145
279.57475470651735
284.41288468679926
285.96744070245495
283.0229722031804
302.0876584810428
283.60051304226437
288.1941001602239
275.02638300566935
282.7318366845498
303.67978095053786
277.8569186425771
281.1857812991151
286.915621887676
286.1855829064097
279.6858471196789
291.5525514405432
291.00397415400863
265.7862702315087
289.75566820995743
263.24125793675825
291.0352709950048
290.2884471466174
286.65550310600486
282.6537054288599
294.8678229361543
296.15496274921856
303.45164407340286
294.79676710066894
287.1174464619318
284.7819949760726
294.5008411568877
297.86332859948186
294.2986106287776
286.7099311506068
300.1320666012973
273.51774922442877
274.06066342485394
278.82379181828384
294.62415829353114
286.4643270957712
285.8385033104862
281.27557048538955
287.43963495959514
289.89508367626934
284.3091852776398
283.8066905285509
285.51649225115756
276.34261093682693
284.71345800451724
273.034034404048
272.79569943744394
275.8304243027734
298.3608094046891
270.7735212175455
290.56947540449113
287.07780178324765
297.4302505125594
287.4605241262862
279.10195194056195
283.40574139928293
285.1102314711394
292.8233321978576
289.3480403387924
267.5292404644275
293.3868810924134
297.38841381774193
298.96166857610893
304.56347787361864
282.09184221482354
294.07424301595637
266.46580149512005
305.81607570033736
298.2686392357058
290.03852612023957
300.51067922372835
276.5164490369143
293.9789768561436
287.83700058463603
273.6211128861439
297.15714852853614
301.06620209788485
287.0308402036136
296.9059483542051
277.3587524544181
293.14793976331833
291.72604261511566
277.66685173605237
274.55730652536477
276.10212258031817
286.0296371680083
277.94059139170287
276.38438338451624
285.56141981422456
289.7309371951563
289.3962279818187
285.8557163979458
294.0810813189503
300.91560509981014
295.1542288354486
287.64168857798535
305.76032027467437
291.27757579999843
301.27234179509844
296.62671897863424
294.23717479901956
302.34172433282555
311.1433902646971
298.70193242087976
275.9114690708597
300.6020474538581
284.4064742754926
304.78010912264835
268.8844454375312
291.4419427331534
307.44458903436737
282.59089882203915
282.86220056147437
289.8335352778763
295.54061916672407
279.7346959778964
301.35880519237674
304.42516480168126
295.2962147227114
291.6628097855427
273.58492766597203
283.49573081932647
281.40678911235574
265.27234460462944
295.6778626415407
283.51413533562067
286.1612139860112
293.82695010812927
287.6859656304908
301.4647890327483
283.57946249867496
295.3223067550025
285.2481563482105
300.5003918486496
302.64957872974765
290.6216625537423
283.2331204294014
258.13599921557994
286.4423931163794
285.17025837249713
281.52165379339675
270.875454301362
297.87717559832663
305.49718884809954
274.8021491793888
269.77138591703715
281.3074715977254
301.2085169511285
253.0486236213825
289.1240688003709
301.4519683113362
265.2567276346034
293.7405616946609
286.6518547692595
282.3703679659265
284.74137089936454
292.3082624986782
285.49303309668016
246.80163508985842
294.623674740982
281.7496566921905
280.4359857931371
291.86446779100254
301.83560854771866
309.18191218438994
257.2411896823032
301.0884593156711
277.6271045754423
274.51398969317233
294.1280750438681
289.4671941840282
281.63854594155373
305.15068262547277
285.2478793915679
290.71449087666167
287.407567119578
292.79340845032044
265.0463246071058
308.9086975099085
302.3192687327139
303.647275524291
296.8966943962858
292.73842197077164
298.0383942186465
285.44903502536795
292.60310957839533
288.2898989407717
288.18510831521866
298.6195263342099
285.4687342188715
297.6168692429256
300.88171665510777
268.0554407695646
278.28936242304604
293.57379886360815
285.8132317284809
294.1273519149191
289.4603362024423
302.3915343181
299.91219430795894
283.60395997779364
284.7514610144712
302.33571014221826
299.18516993594295
291.93840420246966
272.0843966541913
287.50535187972457
295.6459929020016
287.456555456704
294.69113163315046
296.87944289484994
300.32145412823934
285.0566424174872
285.1940761506652
297.6438968161494
287.3507843565086
284.8250446136321
282.39436517214244
287.2106821942061
276.6878565818786
275.13480929960633
284.5376478669768
296.42583266559154
300.36001065362893
278.5610927997064
286.34357815605665
282.45764016114265
289.04454616974823
288.14219899035163
302.0155130395315
284.0414253752452
291.451133103833
301.24519733319175
289.9859610122741
293.63781835128793
278.6216374637691
301.0272277618994
280.9835402992882
275.88152606284166
299.34508259816937
268.597126739129
290.70185452866514
286.3630533999769
274.85442500641227
271.6195010120524
299.50297565129773
282.46693682538734
286.73655489508235
281.3754036970635
281.4400812449464
289.4836601738704
293.38351909612913
290.92189361185297
294.2693656940376
298.7505536900389
295.0421591521829
267.52394744998685
262.7724534070612
297.52390231703566
295.8038025355312
293.26639309437786
294.31613495378343
293.5846823368786
296.95719708682793
294.34016210857504
287.4447877322522
297.5958066206096
289.7339115979567
287.28301488216664
289.7310447417448
290.6201123397622
288.55774042892756
288.8693862449663
278.22025552739404
286.21694855122473
283.3938857189065
301.0288221896123
296.900273554478
297.19839316861135
287.91484224710274
284.47854592938813
269.2225083814065
286.1860358656788
275.7095339678258
262.33287014918676
295.40087369324976
307.1232201570431
298.4113214602397
286.0716898681676
292.31116611340667
296.1031522832202
304.4574385053731
293.9448818506884
289.3463243390089
296.3711753968542
268.20583940279823
275.20592176956967
290.1345590626129
290.268973357035
298.48626668898277
293.6745879606291
304.8609184942774
293.7322108797274
305.10612414565276
299.37172263226756
268.9048487325209
280.18811118029265
294.4032134593066
285.34519215808524
298.05947130118886
292.29611754708577
302.26904521397597
281.1863523571545
291.76607073602725
299.7191068569439
300.27865272466386
305.29654750440955
290.053663228539
303.4790697197158
287.1693472328903
291.19926330369015
293.0264416122907
282.50966490381745
298.2243626805368
288.43666595553407
282.84127804249516
284.56865256632915
282.4650987041868
284.82336109198303
291.77716482407914
297.6751466447429
295.38637791513145
303.34269392321664
301.32349889132666
284.41623828192
291.8826709420623
284.67715061388355
290.0242787397832
282.47695461214613
276.14266590693313
291.2221835586885
278.898725039056
299.4655341094195
291.27268720301123
298.4902666409061
297.0997894154119
296.5479862694515
286.8705694634967
287.6168687953379
296.35082797517316
304.6708095941653
256.5400272689142
286.8455589961927
283.57456991512623
279.9240488306859
295.90429649942314
303.5324457076249
286.14001197470276
291.63904356940344
301.419436998583
292.8935130989968
297.6092172428952
300.6173765504245
296.8433036709195
296.18416271477713
303.8269296800474
290.8748015797917
293.64989173720494
283.7559162575295
296.03165345641435
288.4752159155696
303.73398274886296
291.10460327266213
297.47197073462763
281.70403498706935
290.82743224713465
278.5396568147665
293.9959238752114
267.1613887973678
295.9916845885013
287.98011266045864
274.2984906663861
291.50978245821705
278.2044158233185
292.03917263268534
280.4392191163376
304.5551302485119
284.7731807896716
281.93245217667186
296.35920842759265
281.2304993500433
302.55235442198017
290.28439549612847
298.3280097177606
302.3025053312146
285.75294868677
265.70979644788804
292.409646726403
279.2722055968568
291.41775296224966
286.01442098167723
284.5929691932967
290.139209982817
274.33801583896036
283.48771326948935
288.72998854004146
302.11856196379927
304.29918612539956
305.9070262697648
297.4835189976716
307.3810168289274
296.4882053730281
278.6971012294796
299.3757679335039
291.32228956278647
297.60474870765466
303.0258014470003
302.60146000865274
302.16633164596925
297.7660476016271
291.2267869739398
304.00312631651116
292.14184917138846
302.21481176048366
305.81934476411664
291.12998046599535
293.6940076622252
297.19433448353334
288.9200242862255
286.67101544097284
274.5906304844885
295.9504022311464
273.14904443420596
288.32733242097544
297.4744408586499
301.37861054390544
297.5794627372393
301.1819381082054
295.02303564238656
296.5585274273994
288.5720788923774
272.8611454487938
294.9495617383346
295.90480194138723
292.4433648056344
302.4996785697241
294.67988039724315
288.0951702677338
294.0846180261273
293.94201298391073
295.12082010335297
271.7209865145678
300.5044582197092
276.72458455581756
297.4014951030637
286.700887722209
289.5261855427017
283.91049647914707
298.4973192567355
278.24450108749915
293.90847390401325
295.27787998076946
296.3608709884952
282.4801870885301
289.45842457090475
282.84927368880255
288.551443810218
275.4797984068022
300.40460508882006
293.12484344624767
302.3867074852716
299.75863040297827
295.98355991372233
282.84828847891765
305.4450962300247
281.3553481377518
287.080672671999
293.6930250550623
294.96854287666696
292.4022939065633
286.52153324747115
277.19100940026357
284.52589586875825
286.7188012975267
295.19102050558
292.57087000851897
294.5883211811419
253.08525155949442
282.05056972188805
281.00593783574976
300.84173547041627
282.5064417805816
287.1332951870602
306.88249324136336
285.68940843501525
294.95903650497064
282.98262751854605
297.6459101125889
298.6966663717237
293.3715898045973
275.34367733088067
286.3350323390852
302.96133416844776
293.2996881253905
287.5565582550635
300.038621759468
286.1547549097438
299.63437861507435
272.4941744870716
295.47280014961893
290.8638139257485
277.7491910351764
289.9543575169188
294.3322317400846
293.24855223061985
289.6147438839549
298.6835801693341
296.4976556306008
286.6525149644012
302.1788302250353
285.63982120589174
301.53776763566583
288.0610445908727
280.9132965725091
276.95347388994605
297.65178853459673
281.96155544125867
301.08654814071747
293.43829467429174
290.11728092792873
297.14092639170343
300.607552043811
299.6866441850625
283.88305617588964
299.3990950351629
297.8736766474743
290.1916186565063
287.17935599164497
277.5898815908989
283.91636764914756
293.71455619399745
302.5121863129549
291.9135761303699
301.6197454046956
295.58418857499277
293.95929840607755
276.2474553443414
299.75249427937496
295.50587099090234
300.36569663522044
287.8726290535519
288.3080219387519
289.0967679833643
298.7863754734929
300.34356396605745
293.40815097399263
283.95976314571124
283.6425635227362
297.0817617658836
302.24508308630175
289.0670450036658
297.3324900598327
290.84257795670817
292.64037132877985
304.9925910320419
306.3184039136878
301.66600049064
293.7259302562207
286.2827790526046
302.28955772575625
302.45288300585923
292.4725353448851
280.8819965682525
298.3484878158583
291.2143144253748
294.27457125686936
298.03679303301277
299.39283658542774
298.72660128089444
296.468619390439
280.2686545098884
289.99477439528465
298.04247159342134
292.7669958613926
284.1606116188365
296.84959783065534
289.6928140475884
305.0489842456734
294.2004844699845
302.8322863461913
305.27924071479333
289.93597819185663
290.4198554696532
291.22680740997055
282.2504547919628
293.56920548144626
282.160201008788
299.71066894790835
297.22283634157606
299.3846694781398
271.7077780147773
302.1674413788027
293.91575247308765
298.26388664961365
289.04240918938723
279.55148213181104
290.08929314991747
301.8375055291158
288.82812627151105
294.5358165186526
279.1953660096441
299.1832053088654
282.0084812239932
306.97464306365845
284.12817230001406
293.83488340528265
287.0205145952939
301.7149385816385
311.2715537780343
287.3610297588356
282.03774269503714
304.90132768936434
299.04181564795476
280.1975926266305
297.76055977605495
283.64356437316417
283.42077100874553
288.2032428421756
280.4532288598481
288.346750019447
268.3356387095208
291.90769835302183
288.98532267639473
280.915307689782
280.4929781784055
299.5057514563668
302.5728316215852
276.98297174821573
300.8200690038486
289.1758638263586
280.3676238380404
271.6984746860638
282.2193184004445
270.67484211242703
281.6980810310971
299.7352690137168
292.6971512023151
299.9451172317572
278.99685852273393
289.5169312687117
278.7895405779638
294.7937016545583
296.15113503217043
292.63046721305903
301.4322782336332
295.80509009874277
299.38694705208206
287.064658435373
290.45404543753995
284.4254872179331
283.05721847170344
282.9159655439412
306.35158162585617
297.0859313618792
293.7419428067698
297.7057625761159
300.87663802325187
288.7159771854365
285.7338265898062
288.7001715023162
298.38669735702166
301.0785164024527
272.3595803545355
293.37243058676466
284.6966029847938
292.25925235303475
285.2943548389914
301.448458080036
291.8000563729945
291.20063757760266
275.76207063167476
298.6545763867906
298.07830656825934
265.68542150415357
290.98364314658414
305.8099304621765
297.57929954620306
295.83627726519103
289.65613948060513
302.7223614967215
292.9904654248727
308.70854930334457
283.27789101267325
273.2797751052908
282.6908535270078
287.70558622878985
292.7220885231975
288.9729383598568
291.31524910579293
283.6553535420044
286.3297241478969
276.1802789069846
300.4805871307266
300.129271095012
293.87944898772247
291.9736129356469
288.75920395857986
297.01440916727483
287.880829518384
275.5383353653673
278.9023616530098
289.16510560662346
283.70432587301747
294.2067547822274
296.8368351837877
295.1828510731718
300.83414909756135
293.24452054903054
304.54817353561975
295.846517821242
299.31374245593054
296.79058898135077
297.51794612720767
286.11796993139274
290.2604429703018
298.7158603011206
294.8702555324882
293.06888099259464
279.2358520160704
297.74342495625825
296.8895043030387
295.8815767769309
280.408534857489
288.3600143612758
292.76489165855685
280.17073522221574
298.4572895470521
288.2099801219745
304.47892593300594
284.19474195204776
298.7965585013084
292.27167750228546
296.67626938492407
303.79938005458814
295.1017624550465
286.8748020473573
289.7249187702838
295.0090178817638
300.3631234736881
272.791245637234
299.1910881987878
270.41911313725376
290.92798538285706
287.0716052339701
275.8772269459886
301.6281978812329
282.93565387132065
299.6319014933342
293.58554076825715
272.76983347690435
294.97924891471706
289.18233576722514
301.6945976908214
290.64159569365376
297.41184419993436
287.52526602712373
282.6783179852537
289.2414412769416
287.6871368674049
295.8743130361994
284.6983516678876
280.92343497204416
296.09495009924973
273.78736316029
284.40528614162616
286.88932073315334
288.0381576524182
297.0301216914127
279.3479185897622
282.07935394891973
296.05041295500257
290.5979497442399
289.18602451238985
293.0631015986144
290.2220585343047
295.5459765086023
285.6897257803726
288.5869555071705
296.4193794387005
296.8353233739526
280.15274246021255
273.83989881844434
281.4451429477294
300.73862775101395
293.93751085307974
293.55964195953817
270.5232356091077
283.56631041854985
288.6423868219024
281.3054062313926
301.6647163243898
298.3559242866192
280.30004202343275
296.1614727130209
294.07713995952616
300.17893820780165
295.7871234591279
262.037423401716
290.2550996425885
294.63549765266964
296.39170459433103
276.6627214408372
278.548765256515
280.6203469024444
314.4395365142751
290.4539067450841
295.56081122262276
272.6918578991032
285.5979911703858
291.59832148280105
298.11754336358086
283.7183796685809
298.807032638213
278.004506259601
290.1589676742235
288.8087028047645
295.3773556487136
302.86414481785823
287.7312020550264
302.9533464466256
297.5400458925255
275.4882769141551
283.80811293085026
277.83172003245346
290.16862742481635
299.4574260621374
269.6615326542502
300.26922430563553
294.7045060466157
281.00256552670163
301.16250556941975
285.0911058860897
286.5665325981119
280.2580487358178
288.94500389656747
293.89434492701446
299.22145866978565
307.406024905797
300.8460493436228
296.8514442529859
284.2682745606757
288.3009100532471
293.6637155623048
289.4537272803092
294.82045301003734
290.960502358214
301.7202653897375
303.33921835421563
297.82454756947175
300.35461031789146
275.06453734944694
284.80953394636686
295.92031603028255
299.699590791544
300.4465037579529
281.16158675519927
291.79098213857276
297.70689477259776
303.7742080178288
308.8326262048206
291.354586666852
294.45129166370776
295.14835107111946
291.67071041817786
293.94267342453395
290.6936194459657
295.4465181176746
283.17430553276785
278.00258824444137
289.2410343174599
296.25719236615873
292.29814554221
290.93489592811085
267.86960939533725
289.32006548309016
298.54849879350854
280.89565571995314
303.62398740503625
296.27586855607615
265.37020145273374
300.585505874102
299.7929602232252
297.40946022169726
269.9961623580931
302.784474709956
302.4216505176144
281.0227408379748
284.81799555236785
302.24263591166266
297.3134269568223
283.0632502474763
273.39977345022425
304.81037906800117
296.06152204657417
292.79710390358474
280.56684174265376
294.072090235074
282.20040436934715
280.71778521605955
283.601781975527
279.66180212975144
308.5654332919215
300.54008925803146
292.66877616484663
296.2158707798268
288.5997064332208
296.6294985401533
286.6407194278085
295.66566467937133
287.0410579333347
298.0934055550165
279.6477565498206
299.49709147315957
295.0798615907542
288.6091478406533
273.80994320837056
289.3571275447488
281.28007417562293
295.7206072063192
289.1602125746815
291.6631762009207
289.41571702636804
292.8978071599112
296.8229278011568
294.4837750566316
287.61124121605684
301.983801779086
301.6318455882389
306.1374869219309
290.7614923417086
276.79318996951423
298.3405709356632
287.2869418812168
294.24384513491964
289.62063804794275
289.8819024834828
285.0042199731384
270.4518085336498
280.8409187510968
286.21242183603295
297.4931496120122
291.7699156398707
302.8517780362896
264.51723969237884
270.64499734535286
260.1106933502371
302.5946485946936
294.66665362708875
293.5293079047872
300.72743642737265
290.2870972052709
286.49661658233987
292.65827478894
294.94269799171826
283.5004508158931
285.8302893345266
295.5292050242638
302.2238386708345
296.613045720471
304.685299951108
287.66342389866315
288.9932302376487
289.2854729223081
301.5181040758577
270.78351406683464
288.04167031315535
287.37782823647535
296.5400996417586
281.2948662552982
273.8382414841428
291.90864701918304
294.3885005676724
283.93686803232106
296.6648967009843
302.1812780850943
289.95306098854826
286.14060291756596
285.39077000668334
285.20355426884964
286.75860209969056
292.49975955591015
282.94558503005135
293.38576306934453
294.14711482492584
293.4390621406336
294.06744593570204
305.04649714604454
283.9484204978312
301.44841118066375
292.45857801995277
291.4746893018956
286.19077027959315
300.7463733823197
299.9888113964996
293.8482484534377
293.2840568523878
287.28000224652254
301.160837643357
287.47257558897974
296.1770890753315
287.50412088708345
298.64805491643364
293.35500857091444
294.73584617838065
282.4906278931537
285.67473481316785
296.4132923171868
290.0163436172647
282.80531801717166
283.2835203023809
297.0234848628261
280.36627926887274
283.3667434896137
300.2516358828985
286.79765302557723
302.1426517544299
292.14756403867483
269.1464254250449
299.0099076785996
297.0079590876645
283.629603046155
297.93142591522474
289.508477745855
288.23583853120476
288.1486470101431
276.9769784349043
282.8207855324307
288.3583470224919
279.5545472242876
289.83189344728714
286.6869270173416
283.04299714869586
289.50588465885403
290.10923150824004
291.70015422298883
277.1545350344816
300.3503748379076
292.9186987843161
288.3595401093811
291.96888891781964
294.9845555287564
298.74464444550176
286.93054034938257
287.04277155086714
291.3185560297229
301.03538234264045
283.25138728790176
289.10754670706234
284.9196774291328
282.62204273885186
292.7100035397905
288.8788691071508
293.399834328701
302.08913262709746
273.59298946494823
291.63164193782075
290.89277583840544
289.51856432120064
294.215610940642
287.3864897371091
288.04313863000385
282.0918868637173
291.6178457323543
305.1457017876787
299.1358568896247
294.2256645404124
283.8612068693516
288.59617574395526
279.2110233190635
298.4146427048263
288.2545979971927
295.99989868791124
292.30289915670716
286.708272994902
285.8637846165963
281.1417736680211
294.2873182724608
304.1643816782228
280.0677822689939
291.29605084369774
297.45145827278867
284.45867808592544
291.99269937591833
303.5688726356084
286.2028915658193
278.8602270549971
298.3018398530222
293.812343142924
275.7292910852817
292.32632412324546
295.8321211875282
276.7477664351304
281.3164993764461
289.18457481935275
291.46574084247726
292.40378772283066
299.386652440148
290.2088736607283
295.7028608033726
280.9414937792772
280.7226904415757
299.9596975568178
267.02056931191316
295.5867444419424
304.11989087153535
289.448020912699
282.5375993381387
289.3586322194532
292.87474755171735
276.7406607148136
300.35347726696597
291.4653458541749
290.4535161935655
300.0818705490789
293.92055999057027
298.10838070616114
284.0109385896994
298.5680616827774
298.9757587353031
284.57535492130035
288.66300697443216
292.85257337781815
290.09960173958774
290.4806290760111
294.57929805071495
276.5263322257911
286.98120068437316
296.0966785097116
287.6987060678872
297.08767159827147
270.3870158503487
299.1602120396901
297.3716250525431
288.10987060914624
284.46201002910374
300.9458395827116
294.7197097136968
288.6847852862677
299.48851044846253
283.4756045594114
296.56486743952695
296.60388976001354
299.0577941822613
276.0456306278735
293.5811372055841
294.6895172988953
291.2572518689535
295.2178562769396
271.0162721869024
288.28549142768566
297.63461230505305
288.9866551569531
290.4650472067402
292.7668308487806
302.0350340920482
305.25463318320845
300.3726430992337
281.06779524986507
279.3100729170846
296.1322024912546
297.24353868804974
290.5886190322595
291.3919067407943
295.3886165871902
298.3218558508594
291.7086626822127
296.5738986553544
295.26869478037577
277.61793767015433
287.5608002039845
290.444717206336
300.0208663775762
282.70527364120153
303.61537636182777
282.071038325054
289.7653610700448
312.7316332794166
301.0416778619284
297.3705891671168
293.6332446722832
286.65640392278925
292.9420998812467
299.33174143250267
296.8575568120909
292.04505701568735
293.0045148041877
297.56229713424136
295.7394334379875
288.1980235769585
302.2655131779117
284.9641365758254
288.4528855909433
287.4725276705081
300.8654459987246
309.251841299721
273.0980610439496
294.89034636334657
296.01025420315204
290.9360952809728
282.27496268778526
271.2910692429607
297.9635428900524
294.04868998547147
279.5061338396648
299.0985455362409
287.18754838128854
288.36592097883
287.6586490987053
300.685481616381
299.0136424347489
295.5579281235322
279.81249820080365
288.00850175422676
284.9447829228115
295.76216524319875
295.8236310168401
303.2608653065325
299.555177522326
293.95541200385907
304.8079143903835
302.1278511741977
287.24875490019014
302.1394460091254
292.0053090655267
289.7690186891972
290.40486660487056
306.05605182256085
292.5467053717817
294.3075301937733
293.63299953147373
289.7879757729341
294.4488259333196
290.8412901545521
288.22814109586454
293.1202835485541
290.9980510113087
296.18360666151364
291.0038208356312
277.1498136407228
295.8634004636327
292.58787242091245
287.3887216338965
293.37178230649533
290.44802959744845
290.0225783368776
301.10824276446283
256.12892233248795
290.8153722082474
296.38888372689655
267.5376282464312
277.3843334750353
269.9890778511603
301.0510413685885
291.5577978948067
281.73619625094796
293.82196432997074
286.54067309819203
280.56380584616585
284.75453690007754
291.8270198550175
296.73228725639666
281.8099035751069
303.31607672839226
298.0522480165971
292.21069910856346
287.07734768598493
299.14491911218613
300.47928112792323
299.480134473679
289.82724880433017
300.7253996549132
294.21415890080806
296.6676312314883
261.80590795074266
296.4349909777136
294.5557313888829
287.2710675641002
285.69763168341404
282.888429640719
290.999360870792
271.2980991733385
297.94170060731153
299.9725587281239
298.23058760322243
279.3487607432573
268.0662780407854
302.94611767887767
304.44119311662246
289.4659909143149
304.3266298420649
290.93712900847703
269.70736902298995
297.1112658526049
293.35203135910314
291.8032085243629
295.14064112060123
304.32521225194256
289.752486302908
288.2964029855658
286.59899176667847
296.46989508673346
300.08339375430455
276.30020945807945
312.04856153281463
293.85993696617567
302.17801583606365
289.18120266648367
297.97843247236153
292.97597451062467
300.121221018958
302.28864520386134
295.424139965327
291.66110989432457
285.61767575263684
295.9453992013417
299.07363382731444
287.08657549404546
293.5930147724236
304.5164506711658
281.54242513090395
281.63323912042415
294.7797386536543
283.54307047590146
292.0390469338489
302.20063154241467
307.63364241675157
292.0449535103241
288.9758359542304
289.6545279940304
289.6466765619103
297.94837822018894
305.16480012246933
283.33346467765847
294.1026975977364
290.28596901775296
283.20495719429186
286.4452629730659
278.85021771350324
266.1963072195896
275.0080624168427
270.85876162685076
295.77243647166455
291.9604999047319
286.3574047582868
284.88374344413904
293.7480571306198
300.33024800021144
287.3631633220654
301.98486274115953
298.2319000197559
294.0890338945476
296.96404052129276
280.6524755343777
285.25517362656655
282.3091577615121
290.1512766841804
287.0943401319643
289.78072541256734
301.80069115288694
279.58341649298075
301.2063000427714
296.68865151529303
294.52326815305486
288.99602671316035
300.1611356790592
285.5743731066284
297.5541744335094
289.9362711991279
293.0716464682435
304.18757547268353
289.9757701213942
292.9600421662974
280.3387768329267
284.41297457193474
298.6329378487928
293.6171567465577
295.25514338829254
302.400653901489
290.58412465436146
293.35607311674636
277.6885811890607
292.38489353580803
291.45776957661013
289.92009941103987
265.2966762289079
297.30125747313025
255.99301575408643
298.16455231573667
287.5573419949335
280.77592464224614
274.6100893154353
309.09710465945676
302.88113888683085
302.39087573200163
303.0001510894186
309.6590694187575
296.0059657952112
298.1648620357874
302.5265440223723
288.4060860361761
295.0427412674007
291.3985277056192
297.6415179782271
291.7607600764763
299.59967158590814
302.687358541687
286.3123452909866
288.5539267915045
305.21850708757756
293.99858539333314
293.7392172685542
280.99557095006054
296.1243510296984
282.54294179168943
300.69383096438634
263.2381052747368
287.1721300565262
293.8753933735524
287.8496441430387
296.9005865580939
298.9212070229644
296.91134762887845
294.8730416508918
301.30158580933187
292.00413980269104
280.88853834603293
304.0078514165657
293.54168708641697
298.79531705229715
297.6371122347019
282.37836225047283
277.9341450858736
286.3561385041339
298.05565042119633
283.4237954771102
311.0893380264808
304.36670101605864
295.07920914684
295.19722413244233
276.94222348083383
271.0178090105383
300.9509453459731
287.99416041938116
302.32305160627044
289.75934471036624
276.7485289277052
286.3445208473105
289.0198968802897
292.07192991223053
291.2585411162932
295.89096986364336
282.41419583052175
290.87577001575477
290.45498976131347
296.8553020522414
301.6416631696387
291.4824735831891
290.2991754421227
294.5082326850403
286.51818485501394
295.0367423949635
275.49719662389725
294.307018171436
276.7727109683848
287.30822446644567
278.4398670015091
301.99945181531155
264.20291683040426
299.94989107383805
299.59616080206
278.92618439372734
295.8083602038821
294.7252673557155
294.1330725605995
286.4328913227538
278.83248965291415
303.3351074820602
300.29192536395743
298.49844475230555
279.33729862913304
295.0635513496115
286.0467815007535
281.37513423326845
284.6500829037359
292.49966138905864
274.82416902681797
300.8348065695526
291.3476233095431
297.05191032102437
284.2965108912537
300.08959654465343
307.8301980111598
282.16575455576407
304.4804460866545
286.03076639590944
296.8260155042134
295.3876545510041
295.26520502442355
290.345508788799
285.44661106072544
293.78976021244233
290.64714286484633
292.3558649265751
299.5306404643395
302.64301839574324
291.7777963562973
300.82879480257924
295.70928170688103
293.0787236471598
290.7211848795243
302.0743806277082
288.3974760016899
288.80656974809705
278.3344023496894
304.944225363875
298.3265578378498
305.19304039059716
301.0573347615246
293.66933912119094
297.9477799693279
290.64398427291997
298.44042044946235
304.3851949420502
300.81646250458243
296.64218546240943
285.7172874763367
306.1130163732518
292.9990411435054
307.936525118182
279.83551081934684
302.00467264677616
295.773138434087
297.50203055658204
292.9712714107646
280.90229392219396
283.4350685531187
304.751620466435
271.44736460060903
291.943703757684
295.02281321253764
299.3945653650346
303.3184958130342
298.8980593874091
279.2917942008527
283.57714662179217
295.408724880958
299.51975458663964
295.8072077844638
284.3863398969393
295.622417680935
294.9632942533152
304.1869129875321
301.1182001474497
290.27812532376623
274.559691781218
291.0110476195104
277.2029780346405
287.91474110622215
293.94781267721964
306.3718803239979
290.88635298684915
270.2555752880951
295.20796489534416
299.4582624429387
293.22082459350645
299.46182767490274
294.57818751903017
277.570704447885
299.63490866518106
294.0886689190733
309.4742491410161
297.949856982478
295.37601567509273
297.5597879060354
286.4165462716363
284.0543225872126
272.88166312997816
295.68748252099994
299.5206695977399
296.26382969722056
279.21111128526627
283.9963579122013
296.2219741277652
290.67107990472175
288.6861252867968
295.7380750816086
281.6548555340027
292.94687095488626
303.5948475970224
290.79913890607565
296.8578957524259
303.1677009986488
298.1218331587289
269.20410025556146
298.43985070489225
283.5625600429872
286.2974003286916
303.3906628880063
302.02852260232623
301.7368561550914
292.9832729180881
296.40490078799365
286.6864950673139
310.41019149370084
294.34737473601984
296.768885646589
301.33153656065434
293.6864317661859
294.2832386256688
300.47815562507475
305.11278782785723
285.2322442618975
282.8494042224165
282.67892050731837
277.9455614589688
299.1202749386382
299.03731610104717
303.3106491575546
297.7980636096588
300.8698365399908
285.75164165832183
295.0368567394663
288.374542776473
302.66418752732767
281.02516376684696
294.5428767976701
282.9184167640017
300.95965047593285
280.43711187032073
299.65651956817567
289.63222142722555
284.3509737098318
304.8690531751177
291.0752609552695
298.2920240416014
291.6099219011959
285.06179571779313
299.9554787396539
297.2326480400231
302.40138174017005
292.8155793870661
270.09893451730954
291.62747927487254
282.22259219052955
303.0614825741234
288.2283583421608
278.12342371726055
284.3402838988974
290.2818188295952
296.65806059305424
285.3270892213257
306.7792291628482
300.93759398925863
286.2055412809494
299.52064029431136
298.8176636412679
297.28227656551235
293.9240212477722
293.60328728482386
306.1921298828968
289.0779093931243
286.5878803151733
281.39828460185225
303.51188043570875
285.16648900806626
290.99056419683524
295.2861752557129
294.8880957140962
294.8936704219879
283.8407132179134
313.594251059819
295.2027696255147
295.8227550999773
283.6059060238068
291.35609083855684
310.2386555876565
305.59396816319844
302.42614724907133
290.76194044919873
292.4969235420414
305.93811044050244
300.61157481370145
294.4516515208856
285.2655335298023
280.0494709028006
277.66353156586524
288.73989538580344
298.6523213470063
294.74586660790254
279.97392034453867
300.2003606772812
276.80091954566683
282.7966769796645
297.40398347879835
279.57051285105155
293.1978499802485
280.571976454199
298.0425120201863
302.62059156290013
284.2444830214941
293.94427656229317
294.62654962688606
285.48336959469896
301.82678640017053
289.1469541508296
279.36728651261365
294.4889935785489
300.0435529138931
285.9352695616137
285.582906956224
298.22056739647365
286.8816740636986
296.5303868205194
300.7979908862869
290.2255052382002
302.98913474846256
308.6513458078234
303.8284275147122
298.8574011188977
274.91510484194885
298.92485105852006
306.79594667699524
294.78538797803714
296.40123319088127
305.2694597346421
301.3880742343214
278.19807745447196
283.78974332341807
286.51033713328064
268.8179204257474
296.0048172320387
284.9212743886797
305.79205851047305
301.3091724740594
287.1685990629665
286.0796453430517
292.6894022281741
293.472079142484
296.7126569032888
296.04923381071313
286.39102708709675
296.9874066937067
304.48357467675106
292.27056159814015
292.9505425893528
283.7636574058644
305.27818932183953
290.5698035498881
299.76294600318846
280.95697623627416
300.07200167505425
282.8591513187632
286.8776223987922
297.7129205956446
304.7989972678372
278.07794462545564
279.6276445941075
298.47438834050746
295.70377679797105
289.89562325819185
298.0181859669657
276.13394671438465
279.17384211761214
309.66335523303025
301.75617624727175
294.0481242905903
306.23412692179414
293.30572816375866
289.55868326232786
293.5029799188827
297.1016204357106
303.8598694370104
301.5228599073339
292.4720351556764
288.1015672782047
281.94564452200933
300.2778002638337
297.2845604348525
295.4907275819719
293.4832086189767
278.6641688419203
307.85946393943425
283.7751615021665
270.26826473257
280.88460205544555
298.1416899558862
301.18660430469623
287.5457229706214
296.3451916603852
296.3476622836285
295.6597901881759
290.1666573050742
306.86050384547855
292.6892709389867
293.56040354000066
289.804806775881
302.5369831830456
300.749860299763
298.08868567516157
295.61460609029206
289.61664474667447
279.4699006247439
298.67215012482814
294.4325044333509
294.86697577508784
288.7173550224161
262.17253374999024
301.57770760964576
299.0514770816672
290.0112741972032
304.5064135696725
291.87101305658723
277.3453672555129
292.43403823622526
297.09205189156967
294.6246892515594
284.9828776310149
289.804268994727
284.752520684829
287.22082942368934
297.66724134517426
299.57687577840323
299.18942300367223
300.46190994263605
285.3680970618096
302.73613760176363
293.16208544107445
299.8428265338481
282.89818960944746
290.662142656668
303.0661635088004
292.3307991952298
296.61888364180317
306.15705536371667
299.28059779471135
291.92927741938837
282.9073292943965
300.9927300889694
307.06074530465867
299.6149002859488
294.28600238216325
290.57026525110837
300.53989621041694
300.4710464627887
285.09253474407325
283.56586416048157
275.7369607673622
285.20314649148344
284.1305241010212
286.0993423627159
303.69535341070264
292.98712192894425
309.2873032288073
295.94153599935544
304.59217874661545
288.63401773153714
304.1989252482085
294.075146913114
295.80065486628877
292.42001676921404
290.7803657630404
286.6166514058697
299.3010189374244
294.35129150972506
282.771017242715
295.7775802462713
300.7282311042941
283.46613915494464
293.18968857819266
285.4058020484272
287.20668162454496
289.693796919982
295.4435169663671
309.5520033882757
299.3053051471304
294.93845014822546
301.70542609527837
290.8656971265425
299.715001486644
300.1356587296416
305.4358896895489
282.07049196603583
287.4496440045381
279.13188305946784
296.59364655068987
304.6957687708384
299.1729956600455
290.44200568093805
289.47423011031066
300.32862037711556
270.13676758706174
278.5059086348973
298.2244485771682
292.6208264694587
298.92400626808546
300.66585195173184
305.18897564105646
287.18152431650753
285.6055594674489
290.33971188226275
290.3555271175219
278.37782489983425
295.9634996524843
301.8343733180385
304.4234736938799
300.4443080364727
303.0638445414859
292.6982535174067
296.5556801712329
292.41278671420446
298.4247298445836
288.0866527028064
303.71691510630484
294.4837495952962
278.71703491758615
297.2194451625257
296.0581611275271
301.4720269148459
286.8832161396552
298.00132082800496
287.59812363300256
294.58061710024333
296.9235694568186
282.53605324344153
295.83742623758127
296.6932642602124
304.7933181490472
286.74776823129184
299.9602914318004
298.11893341125403
296.5066291284102
298.9140234391989
301.3608722568813
290.3998002998806
301.53591558592353
296.84068636767165
292.65775247733177
293.3041763335684
281.7395347320288
284.05650950505054
277.6137979750355
300.45971482951734
286.4414082407798
307.76490937144786
287.9078659766293
303.1918073678463
296.15231859758075
293.6858197533539
294.64797241806895
300.17870149895526
295.21683269665755
262.4324138408826
293.36594345236387
294.46211265422875
275.70773994882256
278.230025809533
295.5507370375662
298.9222035485032
301.07852770990996
295.039046035397
288.15081564304285
302.46386034367794
300.68212192412494
293.63316157409577
299.07392635980653
302.52224238168674
293.1956080094
298.9380420914059
294.03106005924
299.2412608038551
296.04275397932923
299.3938183199206
307.50217570978543
286.81445556022425
306.49602903837956
296.6981310069871
292.36106390687394
300.96212336843695
293.19159934363756
298.3588233306822
300.4252906126735
303.5309585285239
303.79215765454563
296.49810762852627
297.18814230495514
295.4657948710574
289.7422052976469
288.05897587849984
298.8629905797655
297.44349058496755
282.02983701102204
302.3343704875072
296.6622698491284
293.86077508697184
296.29405317332385
300.66196793745274
301.8703292233809
289.90392089904077
289.249657612857
290.9656618324926
295.35297680073927
307.5951219228806
306.94127801205326
281.27712309060485
287.8878214915528
311.33155124407426
286.0637047182237
296.90552373113087
292.0849145971387
291.76441054054663
280.32350847448106
279.0637884008118
308.61998028632564
268.50895730567436
287.5846854726566
276.86740947319026
302.5942116754128
301.74883331512336
302.5427513281734
282.69360779330293
294.53201299047515
301.7251199976838
290.93813561684306
292.9554575967873
303.84087454667144
305.1024327258515
285.7170572587559
296.6942643522973
298.61785315776007
299.21844466263906
279.51625051426583
290.6019872391845
306.6881404643906
301.9952105243192
302.9698636409531
309.4277276708801
273.84984580152985
298.5168561287105
277.91403163314453
286.6117265732814
285.2611638808778
302.68652512361996
295.7546567500662
290.05319414921456
300.9916300032619
285.3218815576809
305.58491066569013
296.0792120030438
289.856688760886
290.94038643094973
298.4805812951227
292.42431767417315
293.3405437873783
297.9052742260131
292.4340463853903
288.22841417564587
293.40306305549706
303.92384260858023
305.39152339441205
299.1180133810355
305.09211526450025
305.31086807209283
290.465224061765
307.55039436967803
289.4297735082903
301.7917372534195
279.7233555421342
297.44886668075503
305.3082030531389
292.5366734366699
303.3971273025706
297.1466092683681
302.6029838863588
301.8542776748217
293.1050641750557
297.70591723392187
299.12440189549284
283.5628594998133
300.997293224944
277.4488188595633
303.7307008873081
298.59964912620416
281.65841902073254
311.0612884216324
283.54329839792075
306.4241928242288
294.2514713337921
297.54640155476164
291.80339199342205
294.1741003055931
305.9029519022679
293.76273469951497
299.63285444352135
295.0624943919042
291.0465870304015
296.0571020712856
307.41364740458255
292.05688805574334
296.162102078455
302.9232325741373
278.30580445846505
266.80269918702555
292.4962539780423
292.78395223991606
305.3386965934774
295.2823200648631
305.33854614350633
295.7120898924065
290.6867814222292
302.46559292238743
305.49943733395713
301.57329048074286
275.15650990712834
291.56095640096333
292.5170438188014
279.89063682349695
295.99768040746284
297.52801361694105
307.53423957305836
294.5875414926981
285.14075557356864
290.1646814629749
285.0476230406076
284.8634340288386
302.6309119178763
300.3774906581318
287.06465231427404
295.3551233997776
299.7680094154099
308.787385402376
289.23055626151483
298.44729284061435
299.4958848207533
291.36592018710877
289.4889565132869
309.22300861881354
285.4240082745996
290.7739454745022
306.5452501965018
293.1462453819996
292.8940211943695
289.13496268917265
294.5412291342455
296.5423727055148
297.2253182740511
294.0882068066924
291.1978449245495
301.6240450363876
298.92731642709634
276.72538513319154
293.30016261910913
293.096552331986
292.0098337065498
293.6753083643176
266.1085226527386
302.13696231296484
292.69889292846966
302.77494958904884
287.84744464496447
292.03168520047086
299.8060894057159
295.4202434627815
294.1574266651758
288.84107427360755
276.8186544856306
283.94832133363957
291.67592827593694
280.2995285007122
304.76708836421454
308.7631850704618
269.34779668450795
291.3629516439172
283.11081102200035
298.6300534353495
298.50758827556496
276.532517349283
284.1883657132961
300.9158056157206
308.86996727408393
302.7825506597606
287.24980792510934
301.1013827819754
285.5242984955569
294.571182002908
295.0940790918448
303.7428875892698
294.21876152289684
278.09068190861836
301.4094439752629
294.6444714233365
291.97494360119254
304.90652049222695
297.69110315067155
285.06862552317216
282.81537349454874
277.88379491715943
284.8085694774031
298.4996592808768
296.4172161620632
306.2676363467068
284.443455372053
298.77150411019164
298.8614796336197
284.8545337767533
280.15826597775447
289.9052761635456
295.86615206160894
290.2049945725668
280.4618304357662
302.08250155032226
300.29678367077724
284.3137471041539
298.4888135729691
301.0045702681239
305.85613688617457
286.95543431337603
302.18113579993764
296.5959137102717
296.67907167489756
272.14539939886885
295.6203738257512
287.72925981782043
294.6678816019725
286.34521346757464
295.4719027723022
303.18695999352275
289.2554452757972
302.5900201709902
300.8758144662479
290.4007072632054
285.25637887376706
278.5801936744042
302.28646790910494
300.2367261782795
288.03719834880314
283.7044366836483
304.9099566026732
292.1372713502441
277.21906367341643
292.3593042189597
296.3429617075193
307.87816206310885
296.71162182268716
287.24493997050297
276.91825933904613
291.73342247714277
294.41167466824874
300.2125467719713
292.5326143574427
281.3164581567006
306.8425830347084
306.88469575443105
279.2419258632182
301.1474721772877
290.5728861823828
296.7432072263477
300.12921045648955
303.40099691652557
296.76672269488455
291.13440094678475
305.95540975018577
282.82067184444526
286.5052017324079
298.4987871673877
309.4835051688874
304.29795138281077
300.54942429249377
280.66362735517794
281.80524884497294
305.9879314304408
291.4470140617167
308.00501492323673
297.5428326521861
300.3543058650567
284.3582935975025
288.18209530917824
298.0056931572656
284.7529337406096
288.47793115170776
289.13695853445694
300.9927955236351
293.829981331929
294.45800695914926
299.4769386219823
297.0061176535712
282.50235358270413
302.2925637038177
289.9652023152919
297.12872386886517
297.37445371754904
289.77855079982396
301.3852994623928
293.0796786147807
302.6448842565455
292.9194741374271
303.56052689229017
287.72404302243694
290.6315320359462
303.8529574919712
297.96602475689616
296.22548431411474
296.7258749657319
305.5915619786346
297.6433728218346
295.05267678449263
296.8306008917062
298.23234370063267
299.18098672491624
301.8397604731944
278.2618367827902
297.68673894058065
285.0421498116436
298.95640916583096
306.839481785836
269.1543905435559
288.6587809899966
298.0254612238678
288.86266679385903
295.88543413136875
299.37581565562016
304.17322506022805
300.5936661959508
306.4498927156317
288.0318235714638
292.71698905701606
270.14533964104197
302.7150793772213
300.7956517245565
295.6682153649151
295.07586516537344
283.26616718620045
271.92950248964735
292.0092004420686
288.2436230327135
298.6292849590703
272.2565503367292
288.2755412514571
314.35357920190216
297.98374937851776
292.65677468143645
292.5419774951723
283.7242601819875
280.935572901822
291.6483434879263
289.35171672204524
302.6991285243406
299.23236484486927
288.06116530576924
295.1374085618347
277.31578359477135
279.3167622553279
295.19546524634376
292.63333876767797
291.25867257171694
280.9723696112565
309.54633588148914
293.9114051544799
296.44746028260397
300.38773247088557
293.2154644447162
302.9188106521709
307.0039414135256
285.277968896945
305.9203204712568
295.2513995711144
296.7084387712294
292.74054160545876
283.2545017131681
289.6582606361268
300.4206050378067
288.6891142675848
283.71447791456745
274.8074530470805
295.82760773137227
299.19858130410665
287.6271271056061
306.7787938671948
295.25364272596823
292.9498400878509
288.7215417419542
294.5294420645455
292.1086118038023
275.46668189487764
284.0661409510765
279.19601615008537
292.59266549281824
